05a_counts - 2026-09-19 19:36 - query took 3s
articles 3,512,792 | political 1,480,323 (42.1%) | outlets 211 of 211
articles with no cluster: 0
clusters present: 33 (0-32)

BY YEAR
       n_all  n_political
year                     
2017   97831        61534
2018  389121       178076
2019  474180       217676
2020  840983       356436
2021  877088       340982
2022  833589       325619

RECONCILIATION with outlet_counts_v21.csv (column 'n_political'): 211 of 211 outlets match exactly

BY CLUSTER (all 211 outlets, full corpus)
          n_all  n_political political_share
cluster                                     
0         80264        46980            0.59
1         82911        11849            0.14
2        102018        11253            0.11
3         53641         9381            0.17
4         61835         9448            0.15
5        113091        62896            0.56
6        103505        41988            0.41
7         59031        10396            0.18
8        273542       216921            0.79
9         98687        36751            0.37
10        72939         9944            0.14
11        84555        28639            0.34
12       143757        54035            0.38
13       157542        25464            0.16
14        44842         3470            0.08
15       145876        54984            0.38
16       143654        63688            0.44
17        91640        20938            0.23
18       133580        66414            0.50
19       103183        51166            0.50
20       115843        76203            0.66
21       114120        88049            0.77
22       178075       133175            0.75
23        70023         7906            0.11
24        71480        33243            0.47
25       110769        94864            0.86
26        74126         5713            0.08
27       118245        60302            0.51
28       153429        31634            0.21
29       138772        65580            0.47
30        72350        21314            0.29
31        82162        19258            0.23
32        63305         6477            0.10

RESULT: OK
saved outlet_cluster_counts.parquet (28,102 rows) in 3s
